ABBs ABB AVL
906 17 9
652 12 9
770 3 2
797 12 9
196 13 9
769 6 9
811 16 9
326 17 10
854 16 10
718 11 11
446 15 9
372 18 9
292 12 10
742 13 11
362 13 9
948 13 11
712 7 9
32 10 10
35 7 9
878 16 8
833 12 11
630 12 8
400 13 11
55 4 10
951 13 9
758 11 11
901 18 9
591 14 8
825 15 10
108 6 9
489 13 11
668 8 7
871 16 8
677 10 9
545 6 5
541 11 9
512 10 9
133 11 10
123 7 9
831 11 10
861 16 11
74 5 8
156 11 9
596 10 6
212 18 8
743 11 7
91 8 6
431 13 11
790 11 11
187 11 10
148 6 10
521 11 9
337 16 9
991 8 9
918 18 9
456 10 9
143 9 8
787 6 8
757 10 10
754 12 10
421 11 9
625 13 11
832 10 9
734 8 9
125 6 10
81 2 4
188 9 7
715 8 10
100 6 9
228 18 10
168 16 10
751 8 10
421 11 9
305 11 7
23 10 8
882 14 10
980 18 10
522 10 8
249 17 10
256 19 10
235 15 10
455 14 11
177 13 11
11 10 10
417 12 10
483 14 8
584 13 7
214 17 7
622 12 10
266 8 6
225 16 8
27 6 7
937 10 9
922 15 9
36 8 10
886 16 10
146 11 10
655 9 10
268 11 9
160 14 9
624 10 5
932 16 10
416 13 11
757 10 10
780 9 10
889 10 7
781 12 11
734 8 9
972 10 9
744 10 9
546 8 9
760 11 10
57 8 8
774 11 10
83 6 8
355 10 10
986 11 9
440 9 11
703 12 11
380 10 10
966 13 9
340 18 9
106 3 5
251 15 10
229 17 9
716 10 11
171 13 10
133 11 10
672 7 7
839 11 10
591 14 8
491 11 9
333 20 8
927 17 8
717 9 9
721 11 10
68 8 9
636 9 11
384 11 10
177 13 11
357 10 10
375 15 6
960 9 10
422 9 8
528 9 10
296 14 11
369 16 10
833 12 11
10 7 7
361 9 10
410 12 11
799 14 10
255 20 11
992 9 10
119 6 6
160 14 9
946 15 11
345 18 9
271 12 10
10 7 7
87 8 9
785 10 10
159 13 10
84 7 9
890 15 9
748 9 10
510 15 10
636 9 11
181 16 10
849 9 10
959 11 11
194 16 8
614 12 11
849 9 10
330 19 9
562 15 9
102 5 8
123 7 9
459 12 11
245 16 10
155 9 11
179 16 11
593 13 10
888 15 10
335 14 5
926 16 9
512 10 9
748 9 10
855 15 8
176 12 6
223 17 9
157 12 10
77 7 11
14 12 8
171 13 10
452 15 10
111 7 9
812 13 7
219 17 10
725 8 9
45 6 10
992 9 10
618 17 12
985 12 10
327 16 9
757 10 10
688 13 10
100 6 9
757 10 10
345 18 9
817 12 10
544 13 11
276 14 9
127 6 10
508 15 10
400 13 11
888 15 10
46 3 9
421 11 9
182 17 11
108 6 9
649 12 11
428 14 11
335 14 5
580 15 8
405 11 11
20 14 11
409 11 9
932 16 10
326 17 10
636 9 11
76 8 10
814 16 10
697 8 9
113 5 7
870 13 9
120 8 9
707 9 9
627 13 11
109 8 8
675 7 5
993 4 7
539 9 8
1 8 10
94 9 9
886 16 10
564 11 7
94 9 9
185 13 11
425 10 9
527 10 8
479 8 10
858 15 11
180 14 9
852 17 9
862 15 7
979 17 9
566 12 10
816 11 9
205 15 7
690 10 9
138 7 7
386 13 10
329 17 8
287 12 7
405 11 11
477 6 5
793 7 6
530 7 9
940 14 9
401 12 10
171 13 10
963 8 9
388 10 10
98 7 9
448 15 11
55 4 10
127 6 10
855 15 8
731 6 5
978 15 7
582 16 9
29 10 11
717 9 9
64 6 6
218 16 8
81 2 4
500 12 6
162 13 10
626 12 10
953 11 10
960 9 10
239 17 9
840 12 9
788 10 10
372 18 9
97 11 10
275 15 10
853 18 11
483 14 8
564 11 7
246 17 9
276 14 9
464 16 9
482 15 11
552 12 8
957 14 11
381 12 9
585 14 11
67 9 8
416 13 11
853 18 11
419 10 7
93 11 11
303 12 9
930 14 9
606 11 10
450 12 10
194 16 8
976 12 9
522 10 8
591 14 8
350 10 7
384 11 10
509 14 9
520 9 7
346 19 10
46 3 9
418 13 11
347 17 6
489 13 11
315 13 9
766 11 11
547 11 8
492 14 10
948 13 11
250 16 9
375 15 6
37 9 11
921 17 10
908 16 6
800 15 9
484 13 10
78 6 9
357 10 10
758 11 11
693 6 7
357 10 10
964 12 8
756 12 11
616 14 11
35 7 9
490 12 10
879 14 9
456 10 9
903 14 8
884 16 10
75 9 11
245 16 10
342 12 7
996 9 8
430 12 9
2 10 11
345 18 9
24 9 10
219 17 10
15 13 10
333 20 8
194 16 8
320 16 8
272 13 9
546 8 9
950 12 10
168 16 10
388 10 10
237 16 11
543 12 10
882 14 10
392 12 9
527 10 8
498 13 10
840 12 9
121 9 8
979 17 9
570 10 8
449 13 8
869 14 10
508 15 10
586 16 10
960 9 10
123 7 9
716 10 11
862 15 7
171 13 10
247 15 10
502 8 9
235 15 10
124 4 7
207 12 8
469 9 8
146 11 10
483 14 8
400 13 11
154 10 10
465 14 10
106 3 5
841 10 10
539 9 8
537 10 10
72 8 9
47 6 11
966 13 9
617 16 10
63 10 10
71 9 10
330 19 9
746 7 8
278 14 10
647 12 10
487 10 10
289 13 10
215 15 10
870 13 9
521 11 9
208 15 9
370 17 8
864 16 8
185 13 11
278 14 10
184 10 10
299 7 6
715 8 10
658 7 10
705 10 8
92 10 10
257 14 7
84 7 9
343 13 9
242 15 9
478 9 11
676 9 10
208 15 9
682 11 10
540 10 10
696 7 8
496 10 9
273 14 10
7 6 8
306 14 10
460 13 8
798 9 7
840 12 9
984 7 6
17 10 10
869 14 10
907 15 10
643 10 10
547 11 8
93 11 11
746 7 8
897 12 8
854 16 10
539 9 8
135 10 10
603 13 10
529 10 11
884 16 10
317 16 10
111 7 9
797 12 9
480 7 9
264 13 10
350 10 7
642 9 9
705 10 8
24 9 10
711 8 10
163 11 9
528 9 10
739 14 10
923 14 5
277 13 8
704 11 10
888 15 10
55 4 10
836 14 10
793 7 6
564 11 7
750 11 11
326 17 10
398 12 11
857 12 10
524 8 6
830 9 8
32 10 10
186 12 9
940 14 9
523 11 9
137 9 10
984 7 6
